' Phiiiis 808, 6

· 661 runnu someronvn

Persius proi. 1,1 suot Stoerdos 686,6
· ens. 1, 81 ·481,14.489,10 Sallustius 468, 1. 481, 1“. 411,16. 419, =

¹ ‚101 418,6 9; 11.481,19,616, 11 ’

Petronius Arbiter 188, 14. 168, 89. 988, in histori'trnnt libro qntrto 480,8
1489, 409, 1861 , catu. 9,1

Phalaecius 381, 1883. ef. Philicus

Phalaecus 118,11. 118, 10, 160,16.168, 14

Philemon 18,11. 661, 1. 684, 10

ΡΙιὲΙὲοιιιι 88, 18. 118,10*. 18816. 184, 1.

,1888 ⁴

3—,90-9· 5³³..

...μμ
,θ’-9·

philosophi 80, 1
Philoxenus 98, 11.301,10
Phrynichus 81, 10. 96, 1
Pindarus 118, 8. 168, 8. 646, 6. 008,8
olymp. 11 616, 11; 16
11111611801, 9 64,
pirenorum. Praene. ,1,146 168,18 1119111161,
1111161194. 196, 18. 134, 4*. 411, 4; 18. 1,
490, 10. 666, 10; 11. 668, 18111. 661, 19,
18. 668, 1. 669, 16. 680, 8. 686, 1 18,
Amphitr. proi. 111 411,10 88,
11, 11 481,8 “ Sappho 60, 11. 110, 86. 118, 4. 118, 11.
81111619 411,14 110, 1; 18. 148,14.181,19.181,11.
1111118119, BLV 8, 10 681,8 168,16.181,4.184,4.188,18. 188.
’ 1111981418 19811 18.196,11.198,8.801,8,10.844.
111,18 14114 868. 3891148. 8901180. 401,1648.
9111111166, 1 1,1 48810 611, 1. 618, 18. 611, 8. 648, 9. 691, 10
1111111816 41618 Soeurns 6861. 111 Pseudulo 681, 1
Poen.V1, 1 680, 18 Seneoe 9891138 11111..[111·811 4041811
Ρ111111.1111,18 418,14 Septimius Serenus 69, w. 81, 41. 11,
111111. ivi, 81 681, 4 81*. 86,1*. 8811. 111, 18, 111, 16. .
11111111. 11, 18 449,14 116,91’.111,18. 118,8.141,11. 981,
’111, 4 489,1. 490, 11 1801. 8881916. 8881991. 4081819.
8 46810. 48116 610. 8. 819, 90
Piinius 686, 6 Servius 618, 18
Polyidos 808, 6 Severus o. Cornelius
Pompeius, 011. Magnus& 16 Sesq trioninso iniins
Pompeius Messalinus 616, 11; 18 Simonides 11, 10.19,18. 18, 10. 118, 8.
Pomponius* tn hnctorsto 118, 14, 10 194,16.168,10.801,4
Pomponius Secundus 116,14.111,16.81116116864.1116111ρ11111111111601,8.111
884, tuenstuens Aululariam 8111846111116818111
[1ο11118111111116111110 commentario 1611116680, 18. in Pseu·
111111118880 , duio 681, 1. in 8116118681, 8
i‘robus 686. 6. 619, 18 Sophooies 60, 80. 694, 11
11161611. 1,6 194, 4* Sotades 910. 1610. 409, 1898. 6411
9,16 181, 8* Statius 16161698 191, 11*
41,10 6118 Stesichorus 168, 9. 813,9
49,1 818, nt Strabo o. iulius ,
Propertius 111,1 184, 10
Pptirtrgoros 610, 6 Teieeiiie 808,1
Terentianus Meurne 88, 11. 686, 9. 618, 16
011111111111111686,4.613,16 11, 1108 1301111418
inst. or· tx 4, 88 688,4 1800 696,11
18 688,1 1489161. 616,8
16 668, 19 1814 119, 11
91 688,9 1848 118, 14
1884 1119
81311111161611186,14 1996 88,6
rhythmici s. inoerti scriptores 1001 84, 10
iihpthntonius 808, 10 · 1164 111, 8
hohhus 668, 1. 686, 1ς 8. 668, 8; 81. 1113 eq 691, 11

1111111111 orer ost, ro
eros er, o. nost

ΞΒ

ὃ, , ,3
Φω--ω-οι-ιι-ο-οσῡωο--ἱωοιροέ

 

