611Ι

011161661εωί4 616, 16

cicero 644, 667. 468, 91. 479, 11. 488, 90.
. 496, 13 6. 494, 98. 496. 96. 866, 19,
666, 9; 14. 666, 9; 18. 667,17. 878,
99; 96. 677, 9. 698, 94. rhetorica 998, 4 111 catu.

⁶ 466114111611111119, 96 877, 91
69, 44 868, 19
‹ie inventione 116, 90 464,18
· , 96, 66 466, 16
46, 86 489, 60
1116141614 11144, 116 819, 94
11, 111 11411
48,184 871, 98
186 6776
411196 869,16
81,198 876, 16
wrm
96, 66 676,8
66, 116 4,16
,47188 18,16
61, 171 670,14
119 676, 18
69, 174 678, 98
66, 169 116,4
88,196 877, 17

68, 919 90, 18. 667,

1 6168611166 46

ittonx remoavit

01616 7116664416. 7, 90 496, 11

8, 99 496, 19 ·
ummffim
66, 164 48618
1 1,1 878. 90

4,9 446, 9. 481,1
7,17 489, 6;7
111,1 449, 97
4.1’ 4866
10, 96 446,8

. 19, 97 44616. 487,
6161616116 16, 98 446,8
pro 811116 8, 19 489, 8
6160114116 16, 69 468, 98
111 Pisonem 447, 6
616 Marcello 8,8 491,16
10 466, 61
6166166116 1,6 449, 98

mtmwae

6660116166 6,17 448.1.469,7
16,4111614411141111 47818
111 6616411464 secunde 671, 90 ·
definitur V 60, 91 449, 66
16 61416614 de re publice 674 61

80. 670,99.61661114 98, 19

677, 9

Cinna 666, 6

916 878, 16. 676 8 Cleomachus 989,14
64, 916 678, 16. 678, neminie. 1661111 scriptores

19

comentur liniendus 969, 9

916 874,18. 676, Cornelius Severus 986,181

it

6144161 6611161671, 6

918 676,14;16.614111111478,1.7894. 86,80.194,10.

877, 10

88, 996 871,9

76, 964 876, 96

81,179 118,9

dieite. 111 Cereri. 1,1 496, 16
6,9 498,9

4,14 496, 14

8,19 496, 14

6, 96 496, 16

7, 96 494,9

8, 98 496, 16

9, 97 496, 16

19, 87 496, 16

18, 41 49817

14, 46 466, 19

16, 48 498,18

18, 66 498, 18

61 494,6

96, 84 496, 19

68 498, 90

111 Vm. 661. 61. 8,8 498, 91
4,16 448, 96
8,14 496, 16
6,18 496, 99
19, 84 496, 94
86 494,6
11,9 498, 16
.4,9 494,9
6,14 468, 11
6,16 498, 11

004. 886.

mwme'mmmmm
crnru 116, 1ο .

1146111111 808, 18
Demetrius Phalereus 96, 18
Democritus 878, 14. 689, 91
Demosthenen 866, 61. 688, 4, 16. 876, 96
11611166. 111 17 668, 7
111 coron. 1 668, 8
Diomeden 686, 6. 668, 4, 67918. 676, 96.

, in 11 iibrn 41111 868, 19

1116111164 78, 99. 104, 8. 887, 9. 864, to
0661414611 916, 11
06646664Ξὲ00, 94. 866, 6. 676, 96, 877, 1.

Ennius 98, 7. 66 9. 911, 99. 916, 19.

9847;.’,.’,90449946096’484,86.’,466
99. 468, 6. 869, 16, 619, 6. 618,18.
618, 18. 616, 9. 664, 181. 866, 96

Ερ1161111670,90.876,96,877, 16
iEpnednte Cornelius

6711161645 668, 8. 16 commeantia Terentii ·

6611111667, 4 ·
Eupolis 18,11. 18, 91. 194, 161. 887, 4 “

664, 19

 

