1650 ’

Horatius
earm.118,1 108,0
10,0 140,1.101,17
18,1 10000. 108,1. 400,
1717. 000,0
0 000, 11
10,1 110,10.100,18
10,1 107,11.100, 14
. 11, 17101 107,1 ,
10, 17 107, 14
-18,1 170, 11
1 74,17.170,14
0 100, 11 “
00.14 480,17
1110 041,10
1, 8 100, 18 101, 17
11, 1 000, 10
18, leq. 180, 10. 108,18.171,
10.170,10.,170,10.
8,01 10 000, 1471.
080, 8
’ · 108, 04. 170, 1. 10
,0808
000,0
080,0
080,17
000, 11
000, 11
001, 7

mm -
·nmwwm.m‚n

110,17.140,17.100, .

0180, 10. 0001. 807
1007. 041, 11. 010, 10
·11,1 010, 10
10,0 110,17
10,1 110, 10
111100. 100, 01
80,1 4001004
1V1‚1 100,10.100,0
7, leq. 104,10. 100,10, 808,
“ 0. 070, 1808
1 101, 01
0,1 400, 1000
10,1 3880, 000,11. 400,
cmmemlsqq. 171, 10 .
“ epod. 1, 110. 07,11. 100,10. 100,

10. 170, 4. 000, 10. 080, .

, 2424. 010, 2. 522, τ.
mmwmmm
Q½Q2
mmmm

Horatius

mmlx 0001170110οῙ

m.2 ma

ὁ’0 ’001
ωε
mu
mm
Ql
mm
ffime
1
ww
mm
mm
mn
ma

..mffimfflm

mamuQ'

17. 171, 10. 104,11.
·'ffiffifflffl
044,1
044,0
q. 170, 10. 000, 10
10010. 141, 14
‚·mfflmhm
1080
170, 18 -
171,10.104,10
, ,171,-,14 004,.4 411,
1001
... 010, 10
01010. ,
. . 171,17.411,1004
. 171, 0. 004, 7
q. 411, 1807
171,11.004,10. 000.
1170
011, 0,017, 10
10 011, 0; 10
catium. 07 07,7
art. poet. 70 00,10
7οης. 010,0
· 80 010, 11
110 01,0
101 018, 10. 010, 10
104 sqq. 100, 10. 010, 10
107 010,1
ex 0οώ carnium ee epodon versus pri·
nam stropha-um 2223oe euinque ear·
nim‘e ordin metrorum disposita· leuantur
017400.

Hymenaeus 0, 1

, . 01, 01. 70, 10. 01, 10. Hyperides 000,0

,00000
mmmmm

110, 11. 100, 22. 222, 0ςο0 1100100. 9
nmssmwmmmmwmmmmm

mufflmwm
m¹
m2w
ηοω
&ew
m fflw

101, 10, 800, 1404. 070, 1701. 0801040.
000, 1040. 887,1000. 400, 1017 ; 1000.
400, 1001. 400, 1807. 400, 11, 401, 18.
401, 21. 400, 0. 010, 7; 10. 014, 0*.·
010,10*. 010,1*. 011, 11. 000, 00.
antiqui 18, 4ς 0. 00, 10. 100. 0. 117, 4.

 

