lunux SCRIPTORVM ’

649

Euripides 60, 31. 11, 9. 199, 96. 966, 16. Horatius

631. 1. 661, li. 694, 93. 991, 6
Orosi. 1981 363, 963
1369 191, 11. 384, 1960
’ Pioer. 939 309, 99
Rhoe. 911 64, 11
Eusebius 613, 96

Fabius 93, 19 ,

i'riiseus poeto 319, 1816. Faliscum carmen
199, 19. 193, 18: 98. 3861998

Fannius 669, 14

Festus v. Aphthonius

Firminus ud Probum 604, i. 666, 9

Gellius 93, 19
Gorgias 613, 93. 614, 10; io: 11
“0. Gracchus 364, 986
grammatici o. incerti scriptores

Helenius 6664

Heliodorus 94,1 “

. Hermocrates‘lss, 19

Herodotusiiet.112 669,19
41. 66 669,8

Hesiodus 601,3

Hieronymus 613, 96

iiipponox 81, 19. 136, 16. 136, 13; 31. -

961. 3; 93. 968, 6. 986, 3. 396, 9319.
391, 9398. 411, 9909, 619, 99. 699, 19.
693, 9. 696, 10. 699, 91. 668, 6. 669, 8.
660, i. 669,3
Homerus 60, 16, 96. 66,96, 61,11. 68,11.
960, 91. 984, 9. 314, 1641. 609, 19.
681, 16, 689, 91. 601, 3. 6991. 693, 14.
633, 3. 636, 96
liius 66, 91. 910, 6. iisrgites 68, 14.
19, 19. 133, 91. 986, 3. 633, 98
11. ,41 36, 96. 606. 11. 611, lii
19 363, 969
43 99614
949 184,6
461 99614
6869
Γ 194

mm
63

m ms

Em mu

Hm mu

oo mu
momommmu
,16 mu

m mm

mm nummo
sm 66

um mu

us mm

’ ωωωπωπω6ωᾱ

mmmmm

. eorm.il.l 141, 4. 160,91. 161,4,
96916. 961, 30. 968,
, 11. 996,18. 309, 9,

numme! tassm u.

eorm. 11‚1 404. 9666. 406, 9693.
601, 91. 636, 9. 631, 1
9 969, 16
9963666
. , , . .
96619, 911, 13. 99411.
99691. 636, 16. 69110
4 13, 6. 14, 96. 116. 16.
986, 3. 616, 98. 691, 14
161, 18
16 161,8
49 166, 33
· 46· 161, 11
3166. 14,19. 118,14, 119,
11. 146, 39. 163. 4.
991, 94. 404, 9683. 631,
94. 6999
111, 91. 149, 99. 163,
99. 113,14. 968, 98. ·
911, 8. 99419. 998, 6.
411, 9999. 699, 6. 644,
99. 646, 10, 699, 18
143, 91. 149,11. 161,
16. 168, 31. 119, 19.
968, 91. 910, 91. 911,
11. 994, 16.. 309, 94.
691,19. 638, 99. 693, 14
6 644,8
6 699, 19
1 644, 96
11 699, 94
19 136, 8. 641,1
13 699,]1.639,19
6, isqq. 169, 16. 164, 30. 961,
96. 999, 18. 408, 9199
3 14,91.146,1.161,11.
999,10. 616, 99. 699, 6
6, 1166331, 9. 300, 3. 406.
0 464,16 ¹
i, leqq. 116, 91. 166, 13. 110,
18. 11916. 300. 19.
388, 9100 ’“
9 969, 16. 691, 91
91 1166
99 1168 .
8, leq. 63, o. 86, 99. 81, 14.
101, 99. 14416. 166.
91. 113,19. 910,4, 300.
19. 611, 18
9, ioqq. 136, 19. 968, o. 991,
19. 301, 19. 806.15.
641, 6. 691,4 ι
1 641,19
10 641,1
19 969, 98 ’
10, i 161, 11. 309, 6. 636, 13
31. 99616, 406, 9116.
63414, 636, 3. 6313
9 636, 11
8 636, 99
19,1 161, 91

49

 

ummuum,-

