. jsffigv· Ἰ muus'cffl'rouvu · ’ ’ 'J

' · VorgmuaAen.v1115⁹9· 8181 wammam 14411
· 808. 804, 84 · 848 Ι488, 88
810 880.11.848,8 , 881· 488, 18
488,8 · .. 1111 88, 18 - .
” ’488,88 Ι -, 1 · 8. 88888. 84818
88, 88 , · 18 Ἰ88. 80
881 484,Ι 88 48 ,888
1111 444, 88 ’ , 4888
8Ι 10,18 “ 808Ι 180888
8 ’ 80,1 808 88, 80. 880, 14.
88 14,8 , ’ - 848,8
48 184. 8. 888,“8 884 88,18
’ 88 18,84’, Ἣ 888 488,8.
· 188 880, 8* , 488 4818
. 144 488,8 - 48010
, 881 488, 4· , 888 811, 8. 888, 88
888 448, 88 ’ · 880, 480,’10
488 48818 884 · ,
-480 848, 88 · , 881
·“ 488 8881108 ,8118
808 88,8.118,1.118, “ 888
·. 18.-11118121, 841»
88. 818, 8. 888, ’ -
Ι’88. 888, 88. 884, 888
18. 880, 1888. 444, , 880
1 , 88. 80118. 808, 11118
88. 804, 8. 811, 8. 4
888, 88. 808, 80. 18·
0888 41
888, 1108 88
188,11.480,8 ’88
um 88
Ι484. 18 144
88,8 181
804,18 818
. 888-1184 888 ,
88, 80 888 · ·
488,8 488
888, 18 488· .
Qu ·m mmmm
4888 884 88,8 .
.488,8 · · 888 88,Ιο
448. 88 , · 888 80818
880, 18. 848, 10 ’ 808 488, 88. 848, 8
488, 88. 488. 18 888 888, 88
880. 18. 848, 8 881 448. 8
448, 10 1118481878, 88
8818 11181811111888, 88. 887, 18. 888. 8. 888, ,
184, 8. 888, 0 18; 88. 888, 18 ’
488, 80 Vopiscus v. Iulius ’

 

