mmoemwm ·:st *W

Terentianus n. 2228 app. 580,0 ⁹ Terenuuslreaor.um‚1vl‚1 445, 28 ’
2401 594, 12 V 2, 43 199, 10
2408 81, 10. 550, 0 Heeyr. 112, 1 445, 9
84158 mm nm
2537 502, 8 2, 14 555, 9; 20.
2571 118, 20. 140, 20 550, 11
am nmo u mm
2594„ -110, 24 lv 3 20217
mlnur · . auu
ow mu v
uu mu ,

0888 08,1

ὅ,
1,
3·
1, mu
³,

2880 sqq. 154, 27 Phorm. 1 p,
2,
2,
3»

mama
mn

01

4

7

1 555, 15
8 . 100,0
1

l

50

- 2801 05, 27
2008 155,8
Terentius 78, 20. 474, 12. 481, 8. 554, 8.
peip, 1⁸3 22, 24. 558, 7. 580, 8. 584, 8. 11
Α
Adelph. 1 2,8 455,18.450,11 Terpander 810, 15
· ii 1, 42 482, 17 Thnoomesnus140,3
4 21 481, 3 Theocritus 88, 2. 114, 24. 202, 21. 828,4
1114,1 447,5 1,1 880, 2120
45 450,2 28 114, 28
174,1 558, 12 . 80 114, 28
5, 77 550, 10 Theocsisnus 140, 8*
7, 82 440, 28 . Theodectes 570, 24. 578, 24. 577, 18
42 482, 22 Theodorus Byzantius 578, 24 ·
Andr. prohl 454,24.558,12 Theophrastus 150, 8. 180, 18. 587, 21.
8 457, 18 570, 28. 572, 1. 578, 24. 577, 12
11,1 528, 17. 545, Theopompus 587,8
18. 558, 15 Thrasymachus 578, 28. 574, 7
22 480, 17 Thyrsis 508, 15
28 550, 28 Tihniiue11,4 127, 7. 284, 14
41 550, 14 8 812,12.818,15
. 80 205, 8 Timotheus 808, 4. 810, 15
187 488, 15 triumphnnornm 1485118285, 22. 208, 27
2, 4 558, 10 tragicis. incerti poetae
5, ps 223, 0. 558, 28 Turpilius 185, 28
,20
5,14 445,24. 448,1 Variuesso, 14
li 1, 0 442, 26 Varro, Μ, Terentius 4, 4. 58, 277. 55,11.
2,1.8 550,5 400, 2848. 410, 2882. 555,5; 18. 585, 3.
1114, 10 447,3 578, 28. in cynodidasceiioo 281, 18. de
iva, 10 448,12 lingua insiun nd Marcellum 555, 11. in
5,2 488, 14 septimo de lingua latina nd hiaroeiinrn
. ' 18 451, 81 558,7;14 ·
nomn 1 1, 1 484, 12 Varro, P. Terentius Atacinus 80, 20. 147, 20
4 484, 12. 555, Vergilius 58, 25. 114, 20. 210, 5. 281, 8*.
· 27. 558, 22 280, 20, 202, 21. 587, 18. 838, 28. Aeneis
485, 27 58, 21. catalect· 4, 9 iambico epigram·
458,18 mnne 187, 28. 840, 27. curarent. 8, 1
558, 17 808. 2878 ,
445,12 Vergilius bucol. 1,1 240,10.875,1875.
487,12 518, 28
445, 18 · ,8 78,12
445,5 · 11 22,12
447,8 20 118, 24
488, 28 82 445, 28
2082 48 284, 2*
4502 884 215,8. ’
481, 21 8qu. 151,11.407,2772
478, 21 80 4880
448,2 2,1 72,11
11123- 445,4 8 115,1.142,5

a mm
u mn
mn
Qss

 

