· INDEX SCRIPTORVM

Accius 6,11. 12, 1111. 77, 6. 267, 22. 666, ,161661 emtores 848, 1. 676, 6
6,612,21; 26 Asper 666,6. 16 commentario Terentii
Acilii Glabrionis 1116616 266, 26 666,1 · “
1611666. Aphthonius 11611666616611166 84,10. 166, 27. 626,

, Aeschylus 76, 1. 121, 10. 616,7 2626

11166666 76, 6. 667, 17 ⁰ 1636616661
61616661616616 demetria 211, 26. 888, 4

1. . Mersus 66,27. 122, 21. 116, 21. 166, ’26 Bacchylides 261, 16

161, 16. 166, 26.’166, 2. ’166, 20. 262, Basstrso. 66661116 ·
·;6 60. 261, 1. 266, 26 276, 2; 12, 21. Bibaculus 160, 12
266, 21. 227, 10. 226, 6. 660, ’21. 602, 6616666 62, 26. 666, 17. 660, 6. 661, 6
11; 17. 666, 1 , Brutus 8,8. 888, 6
1166166 77, 11”. 296, 6. 622, 26

’ “ alnus 111116 161, a1. aas, 6116

,Anacreon 129, 21. 166,92. 261, 1. 261,6 . 6666611166 posia 188, 26. 666, 16

’ 226, 2. 606, 1. 661, 1; 6. 102, 2660. Caecilius (Caesellius) Vindex 8888
611, 48. 848, 8 6666166 Bassus 888 4888. 888, 6.· 16 libro

16616666 122, 12. es. Faliscum tie metris 269,16. sul Nero'nem 666, 22

. antiq uls. lueerti scriptores Callimachus 88, 661. 116, 48. 144, 27.

Aphthonius, Aelius Festus 176, 61 161, 661. 266, 26. 266, 18. 484, 22. ’1,12
11611616. Petronius 2211.616,6”1.661,7.1666136666-
Archebulus 126, 6. 266, 6. 261, 6. 662, rigam, 11. 1116166 1661666666] 661,
Archilochus 79 66. 61, 11. 66, 26. 101, 16 Gallione 167,16. 676, 1722 607, 8. 669, 16
107,10.111’,16.116,19.117,12;61. 661166661616166
126, 66. 188, 11; 60. 167, 6· ’60. ’,111 Caper, Flavius888, 616 6111666666666 26
16. 116, 18. 188, 26. 161, 16. 170, 8· Carbo 676, 6
26.266,16.266,22.269,11.271,17.6116,111.Ροι·116616,1
266, 2. 291, 18. ’,226 9. ’292,11.’672,6616’96661616116116 16612
1607. 622, ’2216 888, 2660. 697, 2126. 66161166 481, 1, 262, 19. in Ptt'ap. 118, 8.

'· · 626, 2166. 61211. 617, 16. 616, 6. · 1612122. 260, 14. 488, 4. 222, 11. Ι .

620, 11. 622, 8. 888, 1. 660, 6, 27. 661, 106, 2766. 616, 12
16. 662,16. 884, 21. 601, 1. 621, 21. cortu. 1,1sqq. 148, 20. 261, 21. 101,
662, 16. 610, 16ς 60 2662

- Aristarchus 226, 7 2 261, 1. 296, 21

’ Aristo 8, 8 1, 7

Aristophanes promarum 276, 6 . 2

· Aristophanes poeta 48, 88. 76,21. 27,21; 1, 88, 26, 84, 4. 161, 4.
· ·88.144,18.484,18.481,1.884,4448. 188,1.188,1.184,8.
·612,66.667,1 660, 26. 661, 12. 621, 888, 2277. 612, 16
44. 620, 8. 6116 216 662, 1 1 296,6

aassotues'a 10. 196, 1. 888, 44. 888, 27. ,2 166, 26. 267,6
676, 7· 26126.67’6,21.6’76,17.677, ,1 161, 44. 116, 2692 -
1266116111116 116, 2. ’2 262, 11

Aristoxenus 48, 8. 88, 8. 70, 16. 606, 8. 61,·Ι 1 126, 6

261,6

,Ξ 116, ss. 661, a. 111. te

‘ . 888, 10 . .. 6666116166’626,7 .

Arruntius 666, 6 - 6116116166,111611’66 Sosipater 888, 18. 888,
6111661 scriptores 8,8 1. 672,’ 16. 676, 26

’ , Asclepiades 488, 18 ' Ι 6161166661661 6611616116 166, 60

 

