.mmfflmmu · 33&

960, st. 955, 11. 611611111661111 66116- Livius Andronicus 3, 19. iu lnbultt luonc
tores 133, 33. Colophonius quidam 67, 81. 363, 1931
· 107,11. 6661616611116. 78,10, Lucauusl’hrtrrci.ll 108, 8. 616, 13Ἰ
80, 30. 81, 97. 83,19.86,14. 96,91. 19 478,16
96, 90. 104, 6. 191, 9. 199, 96. 136, 96. “ 79 476, 18 “
199,,3 1739196610. 971, 1 399,. 11 96 460, 11
’ - · 9941, 996. 9391. 666, 99. 667, 99. 679, 988 919, 90
’ 16. 680, 6 comoerlingraphi 490, 90. ’ 111164 991, 61ι
comoctstae priscus auctores 189, 9136, IX 867 98, 99
“ ⁰ 96. comoediarum ueterum scriptores Lucilius 98, 4. 66, 11. 916, 14, 978, 19
3111161161, 9496616616611111666116 61616ι166418,9
“ 607, 8, 66161 66, 6. Faliscus, Faliscum 147 991, 11 ·
61111611199,19.193,18;98.9791816. 166 916,11.418,10
886,1998111116661161118136,199,17. 867 114311
1611111669. 68,6. 69 93. 88, 6. 96, 91. 860 474, 91
96, 90. 188, 93. 179, 91. 964,4. 971, 1. 996 6191
69196. 600,17. 16119811611611· 941 604, 98
carum 11611611616611616166161,96 trs· 1063 460, 90
gici 69, 98. 78, 10, 80, 97. 81, 97. 89, 119 91, 98
14. 89 19. 86, 14. 96, 91. 96, 90. 96, 96 990,19
16.13·9,99.199,3 179, 91. 966, 10. 966 90919
971, 1. 391, 9906. 666, 99. 667, 90. 997 446, 19
vulgares 906, 9 cerras poetarum prcc- 1097 460, 19
6611111469, 94. 608,1 prussorum. 111649 909, 19
515,5. 611,6;16. 699, 19 693,16. · 1096 66,9. ·
694,4; 18. 696, 1; 9, 18. 696, 9, 14. ’ 1099 6096
697, 9. 699, 17. 664 14, 687, 99. 640, tvl 619,1
·mmtwwwmmsa m m.m
’66 latinis act-ribus it· 61161 grammatici 1907 98, 6 ·
, ec carminibus incertorum 6661116111 rece Lycorns 610, 19
⁴ pernatindicatisrrat. praeter 1161111111 lyricis. iucsrti poetae
111116111661611111611 constat 1611111611 [161111118930
c pranmatict'r 1111 poetic tribuendi sint
· 11166111 scriptores 669, 4. 676. 9. antiqui 1116661166 969, 6; 11; 97
7, 31, 87. antiqui libri foederum etlcgum ilsrtialis 66161. 199, 1 98, 16
11,11.ς16111111111618,6.93, 18.71,16. Μ1111113979416
149, 39. 9693. 966, 94. 967, 9. 968, 94. Menander-50, 39. 67, 14. 78, 99. 1016
metrici 39, 6. 63, 14. 69, 13. 70, 8. 94, 667, 9. 564, 10. 691, 94 iu Phasmate
6..613,16 698,13. musicus arus auctores 966, 11
36, 11. musici 7, 14. 89, 6. 41, 17. 49, 1166661613
96. 8917. 91,19. 99, 9; 99. 94, 19. metrici 6. incerti scriptores
197. 96. 164, 18. 149, 39. 969, 3. 963, Mimnermus 610, 6. 607, 8
93. 967, 9. 968, 99. 978, 18. 966, 1961. Musteus 609, 18. 689, 91
368,1426. 608, 4. de orthographia 14, 9. musici c. incerti scriptores
16, 6. 17, 96. philosophi 60, 7, rhythmici
’ 3939. 3661364. 166116161189,4.909,17. Naevius 8, 19, 79, 6. 139, 3: 19. 966,14;
646, 31. techuograplti 464, 97 80. 966, 6. 400, 9616, 631, 7. 667, 17
116611166667,4, 670, 19ς 93. 679, 7 t 96. Naucrates 670, 90, 679, 98, 678, 93
673, 94; 97. 674, 6; 19; 16 Nicocrates 608, 11
luha 98, 4. 94, 6. 646, 8, 669, 11ς 19. Nicostratus 333, 11*
· 664,1.6666.696,19.698,99.680,3.11161611611611166,16,91,3 ’
11 11611 quarto 661, 11
lulius 616111 Vopiscus Strnho3, 0 016661160.96.609,1868990 608,10. .
luvenalis sot. t, 34 987, 17* Ortuges 610,6 -
3, 817 931, 6* Ovidius arnor. 19, 39 16. 688, 90
111111111111616,70 939,11 art. 611. 1996 sq. 991,91.691,16
in'satiris 6, 363 931,11, heroid. 16, 16 489,1 “
., 11111111. . tx 716 481, 99

Lactantius tle ntstris 909, 19 Pactulus 77, 7. 613, 79. 611, 3*; ts*
Laevius 961, 96 Paeon 499, 91
, Licinius Calvus 9, 1 Periclymenus 309, 9
l Licymnius 183, 30 Perimcdes 609, 9
iummmmm. mmmm .
' 49*

 

